R grid info:
162  19 241  21 233  91 238 148  23 137 156  55  48 174 184   3  40  45 125 110  28 196 163 209  28  17   8 251  73 196 163  66  64  19 236  88 186 227  80 220 241 
186  95 211  85 136  10 212  32 149 242  55 100  40  37   7 105  60  44 172 174  47  81 143  47 194 130  10  87   8 204 237 181  21 232  98 158 174 113 120 170 252 
156  41  98 205  27 251  71 213  91  79 121  69 177  67 102 241  24  42 122  33 120 228 229   7 145 171  61  47 255  26 246 142  24  56  43  19 206  47 173 246 147 
 86 226  75  78  35  52  56 102  94 189  30  74 129 163  33  26 105 168 243 120  44 177 152 109 136  27 147  81 193 227  57 201 205  92 250 180 191 123 155 208 119 
138 111  73 154 228  65 112  20 161 234 156  38 184 248 232  67 197 153 159  30 240 249  53 140 247 206  60  72 163  63 229  34  74 207 167  35  24 145  26   9  16 
 59 235 158 199 213 204 244 234 100  84 216  61 229 157  40  28 232  77 167  54 209 123 122  32   1 194   7  47 182 228 238  21  70 198 234  27  99 108 165 119 103 
187  17 167  47  60 171 114  29 175 233  61 202 152 207  22  57  16 119  27 140  84 124   6 209 170  86  50 128  43  88  81 211  26 120 178 151  39  51  90 132 236 
217   1  25 176   7 198 205  89 166 246 161 182  17 156   0 217 222  79 135  12  68  43  92  13 224 134  74 182 212  18  23 245 239 219 182 247   3 248 131 218  49 
 90 166 201 163 158  14  34  79 255 225 103  41  67 195 109 115 254  28  87 130 184  84 141  62 248 155 117  61 187 178  33 155  38  25 187  99 186 212 215 156 241 
201 119 165 218 238 198  38 136 204 154 105  93   6  93 129  80   2 202 240 227 183 197 216 192 184 246 157 135  49 163 159  64  45 236  51 245 226 167   1 131  65 
 58  73 178 172 252  20 186  18 201 127 253   0 116 168 100  47 233 210  83  77 231 234  48 168 166 100 141 193  44 227 166   8  34   9 129 175  39 251 172  48 226 
165 159 146  23 253  22  19   4 150  33 138  82  41  51  93  30 113 155 251 104 152 171 130 109 202 128  63 116  16 186 204  59 159  84 212 110 175 100  91  22  44 
213 250  45 102 244 176 125 189  29  82 222 162 250  13  37 103 214 107 208 177 215 211  43 236 166 249 230  70  86  64  46  82  26  43 114  15 195 125 240 144 234 
235 223 140  10 206  81   0  96   1 189 200 199 184 248 170  66 124 218   8 165 143  15  10 198   7 196 243  32 118   5 174  73 100  40 232 238 129 104 125  45  54 
222  32  81  77  82 119 172  49  73 104 241  77 240  45  79 189 211 147  46 185 231 131  29 172 207 194  33  50 221  24 251 120 188 241 234  35 193  31 106   2 121 
 57 105  71 161 239 238 209 199  62 164  97 208 149  41 120  69  10 251  32 237 194   7  79 211  69 125 122  81  64 231 142 202  90   0  94 223 139 195  88 178  30 
116 192 251  36 201  21 157  81  55 171 224  84 215 144 186 168  59 127 191 174  55 201  90 210  29  17 181  69 252  17 136 208 115  53 236 191 244 214  16 119 174 
 58   0 196  45  14 241  99 168  37 170  56 130 128 126 205  15 177 250 111  32  86  91 253 159  63  69 175 231  19  42 173  64 141 185 216 100 246   1  28  81  78 
214 155 136  42   9 225 201 106 154 213 154 192 227 139 151   2   0  92 239  50 170 158  54 172 142 172  14 206 254  68  86 243 195 106 183  84 202  17  55 217 186 
120 115  95  91 118 150 164  56 244 111 137  12  34 156  69 121  29 176 187  70 205  31  45 194  47 183 175 183 125 192 207 129   4 142  46 230   0 220  20 114  26 
 78 225  27 102 147  98 239 116   0  69  88 126  53 152 131 148 202 228 190 128   8 158 192  36 121  68 166  91 251 113   5 104  41  94 197 111  34 106  66  53  22 
174 248 255 115 236  64  71 119  82  23 193  43 114  79 131  42 135 207 126 115 110 127  31 100  94 216  70 182 131  93 178 137  70  68  13 121 194 185  87 106 221 
 96  69 175 255 115  21  51 245  55 174 155 110  21  81 138 199  94  99  24 116  16 191 233  64  13  63 167  43 152 167  86 107  31 253  16  82 224 210  76 110  30 
249 200 104  83  60 155 184 110  29  56 247  13  54 106 200  12 186 140  94 152  83 206   3  74  61 172  98  31 252  89  78 113  37 191 183 231 209 216  44 159  25 
148 193 236 147 104   8  75  99  66 154  25  15  88  27  25 139  20 111  68  69  95 143 224 234  68  61  72 214 178 209  89  37 126  98 103 247  66   4  44 208  40 
 37  81 179  59 135   0 165 233  40 250 140 131  64 248 157   3  75 213  69 200 150  14 226  67  47  56  84  21  17 227  74 183 131 195 156   6 169 149 163 239 254 
212  37  87 155 244 173 110   6 154 178  79  92 116 173 154  38  78  45   3  83 213  27 165  50   3 201 232 232 197 196 118 199  17 168  77 200  26 145  74 100 143 
 61 249 183 180 118  90 220   7 128  55 160  27 161 141 192 251 143 121  97  70 120 133 215 175 160 198 100  77 236 116  66  50  84  21 150  33 194 247 252 202  86 
114  57 145  85 131 204  77  47 197 142  23  98 195 232  51  22 112 107   6 102 115  78 177 120  53 228 196 205  22 165  52 138  66 217 202 136  57 235  19 253 104 
120  45  24 234 185  70 150 150  16 152 149 209 154  18 184  79 171 198 178  94 237 255 178  12  33  48 181  48 237 103  81 140  58 233 113 240 153  89 171 202  56 
140 127  86 112  49 101  53 204 249 157 210 255  50 199  17  46  14 128  73  99 232 237 201 192 247 131 239  62   1  28 245  52 249  90 150 134 244 254 198 223 101 
G grid info:
211  86 234  97 191 246  84  49  17  95 236  88 150 223  35 189 206 213 224  97 139 251 235  23 183  38  32 184  59 143 223 250 207 132 160 226 124  83 178 200  30 
101  57 127  75 169 146   4 159   2 227 222 223 143 252 116 175  91 197 255 140  17  14  96 210  55 192  54 248  15  50  80 191 168 218  45  16  87  94 174 234 211 
 93 242 173 195 112   2 239 229 128 112  89 236  67 192 176  65  51   8 100 237 172 142 226 215  39 219 160 222 159   2 198  12 194 149  81  69  70 230  20 191 163 
147 183 214  45  65  49  61  69 219 249 187  56  67  91  68 211 239 224 233 145 128  64  60  88  39  89   3 100 144 153  21 176 116 127 213 123 117 221  55 108 121 
 32 140 101 205 219 188 254 203 112  87 167  78 137  13 122  32 212  21 229 191 117  18 202 159  84 144 203 106  90  41  45  63 213 117  91  77 114 167 174  42 152 
 23 193  47 193  56  75 239   0 156 137 164  71 135  91  33 136 239  56 179 152 163  15 220 228 167  87  73 127 118 186 137  77 112 174  41 135 233 121 111  95 124 
162  49  91 235  26 248 171 152  23   4  54   7 226 110 116  14 161  28  79 229 106 229 240 168 149 151   3 217 113 230 232 156 179 101  98 180  49 213 117  30 200 
 80 227 215 122 130 227 124 129 200 233 192 242  48 250 217  90  58  81  77  68  95 189  92 140 210  86   0  29  32  96 133 114  74 230  31   8 248 125  74 105  53 
167 188 229 248 205  51 128  53 154 218 228  93 169  49  37 209   9  50 241 151 134  13 146 201  79  25  82 209 247 137  63 179 242  19 100 228 170 124  69 181  39 
177 171 118 216 210 244 136 121 108 166 253 103   6  10  38 200 190 127  32 200 138  20 231 153   1 172 195 129 203 147  55 108  89  90 202 186 109 135  79  82  71 
167 202 245 250 161  94  84  51 228  96 137  41  90 228 139 213 241  50 155 159 183 157 188 252   1 156 232 201  76 160  94   2  50  70 214 194 187 110 100 127 226 
 84 111  48 109 126  36  21 166  25 191  56  66 200 165 110  71 197  69 125 139   4 234 170  93   2   7 143 189 147   2 224 111 159 203  35 145 223 250 208 155  87 
159  78 125 118 155 221 142  74 155  77 126 209   1 251 220 143 189   6 216 175  47 234  22 245 237  50 182 226   6  39 133 184 132 177 237 131 144  52   2  21  23 
200  87 246 157   9 128 160   2 247  92  84  17 160  54  42 115  27  12 149 147  65  24 213 228 112   5  84  60  49  24 170 180 227 228  45  17  11 209 115 146 177 
210 207 255 166  51  79  24 172 177 127 120 196  28  57 126 164 208 221  29 212  39 198 119  95 101 253 140 181 143   1  33 186 225  24 142 202  61 149  40 156 140 
166  83 105 144   6 181  17 103  12 147  80 224  60 139 160 213 199 125 192  81 154  80  72 190 171 255 215  31 158 111  69 156 205 221  16 230  15 116  66 144  14 
 86 154 149 100  24 219 204  31  65  57 167 119  42  17  31 178 103  17  58  49  78  72  76 114  52  17 138 110 190 134  56 211 252  57 212  70 233 247 105  75  36 
 45  78 237 192 124 103 103 149 139 112 212 167 160 169   8  48  55 239  94 106 145  83 203   8  33 157 178  97  59 227 237  46 114  78 184 253 103 251  77 217 110 
 66  34  18  92 187  30  32 199 207  47   0 168  58   7 163 122  58 219 114 211  33 219  52  57  95 215 125  15  95 182  45 118  17  10 229 160 131 232  78  52 246 
 26 134 215 252 146  21 113  91 143 146 134  44 121 203 214 207 187   0  31  79 235  31 122  44  53  25 195 148 220 215  53 246  66  57   4  60  11  18 244  13 191 
102  28  63 129 175  42  58 244  23 178  62 163 254 146  46  50 104 171 188 165  62 184   2  67 147  65 169  43  46 217 215  28  63  10 245  49 148 219 114 254 220 
 61  73  38  12  79   1  14 203 230 204 138 143 142  43 236 139 238  94 179 164 152 130  94 248 243 178 133 216  30 245 127 151 127  98 122  94 109  35 106 132   5 
 90 118 148 184  83   3  63 184  85 196  87  19 242  59  99 191 208  76  21  30  22 133 241 207  50 233  42  49 223  94 245 117 116 125 192  66  80 244 227   4 166 
118 210  53 105 167 255 153 145 103  83 195 157 184   6 108 177 206  48 183   5  96  33 112  28  49 191 241 106 113 136 146 148  17  62  16 226 110 162 146  22 248 
233 203 243 234  16 220   7 225  26 195 213 101 120 141 167  32 244  82 121 170 190  29  48 131  87 246  22 121  55 238 129 168 244 195   3 227 103  74 117  55 230 
122 203 115 173 146  91 107  80  79 170  49 214 170 252 193  34  36 229 198  44   2  91 251 146  52 162 170 253  77 180 148 204 210 217   8 244 229 100  96  25 187 
 60   5 245 131  26  33   3 228 253 115 173 112  86 146 210 136  85  45   3  48  84   8 120 213 208 215 118 193 129  98 148  68 120  80 137  25  11 220 217 136  24 
146  44 150  22 134  71   8 177 131  58 104  54  46 122  89  82 189 104 112 120  34 157  46 222  36 221 140 221 207 214  57  85 209 123  30 145 143 244 203 108 245 
172 226 225 144  79  78  35  50  12  62  46 164  35 127  29  37  93  97  10  98 216 129  97  51 142 224  62  67 114 149 203 203   3 176 156 240 109 188 231  60  10 
123 147  55 105  79  89 155  37 146 245 244  53 151  79 217  41   2 159  81  41 135 172 166 163 220  64 193 221 139 189  89 229  46 173 187   8  59 246 185 250 223 
 58 140  37 229  27 182  35 243  72   4 241 170  63 178 218   1  63  76  24   4  53  70 112 147 250  84 110 240   1  80 159 138  99 121  24  23 228  39  39  78 191 
B grid info:
 82  24 192 130  30 222  32  79 220 128  75  45 168  29 237 101 106  54 235  99 183 123 176 193 115  43 202 242 232 197  96  78  27 104  63  55 143 223  45  78  28 
227  81  68 213 164  23 175  17 139  39 233 164  76  88  58  56  36 231 115  10 185 141 106 181 172   0   1  82 248 209  78 163 104 234  59 226  13 172 152  11 147 
247  28  59   8 116  73 169 102  52  87 171 137 215   5  49  89  44 192 125  22  22 213 205  56 214  71  47  43 114  25 107  39 108 235 147  18   5  43 118 146 149 
175 159 128  26 191  22 200  30 138 185 235  93 168  69 123 156 170  49 166 250 112 121 201 210 153  76 197 245  93  17 192 123 103  59 167  94  69 234 169 155 250 
  5 221  44  46  61 120  27 202 167  55  13  69  88 147  35 243 174 245 124  51  49   6  11 101  49 246 142 178  21 175 212 154 184 148 250  49   0  88 207  34  78 
 40 205 201  89 171   8  23 164 129  84 163 138 156 112 187  51  85 135 190  65  42   3  33 231 223 246 255  56 103 245 186 154 111 231 139   5 240 181  15 105 247 
212  36  10  88 214 190  92 248  33  30  81 231  16 117  67  21   1 169   7 244  45  87   7  97 117 111 192  90 240   3   9  93 238  15 164 190 220   8 214  49 189 
 89 208 152  60 232 241  61 157 222   5 224 168  87 121 237   2 221 156 168 127  49 108  47 226 206  11 236  99  47  92 217  52  48 149 110  16  27 163 108  40 128 
 52  35 215  79  60 111  67 100  15  53 195 210   0  29 195  47  69 112 164 116 182  88 157  54  73  72 164 105 245 193   4 232 251 198 248  54 235 139 230 192 150 
 74  36 174 109  44  16 141 191 201 151 233 181  95 244  49   5 172 190  28  59 185 204 206  70  75  44  87  43 129 223 103 197 121 175 162  21  76 251 190 222 194 
 62 127  29 103  77 183 120 207  56  38  88  20 142  66 228 112 105 130 130 112  32 136  41 164 101  39  23 173 234 199 183 117  26 170  71  97  74 121 254 195 134 
 53 137 140  16 145 250 233  22 135 142  18 153 205 194  33 162 222 255 103  96  37  94 248  59  25  35  36  96 109  72 209 144 141 116 113  39 145  11 134 226 236 
215 134  16 182   5 136  47   5 103  45  33  12 122  91 131 182 218 212  68 139 165 180 217 202 152 248  31 206 214 201 246  53 133 185  66 168  84 192 241  60  27 
 66 204 165 130 153  78 202  41  19 238  76  66 252 168  45 207  32  95 148  16 227  72 193  10 204 115 196 239  78 206 196 242 155 185 203  91 180 217 221 239  50 
201 150  34   6 134 175 190  11 255  84 156 101 190 235  61 139  40 220  77 138 134 154 254 135  28  96 182   8  80  98 237 121   9 136 181 139 232 217 146 139 140 
217 108  45  74 164 228 217 179 171 201 243 170 226  68  11 248 203 214 159  54  58  14 243 220   4  97 177  87  95 232 132 124 193 245  96  57 193 226 187 133 135 
 42  30  99 164   6  81 179  68 221 122  33  28  98 189 230 228  95 215  46  21  42 202 115  73  69  59  29   0 163 213  62 228  73 116 243  68  22 108  90 120  18 
114  38 218  93  12 103  38 176 215 105  72 127 164  62 207 178  54   6  25 143 152 190 232 135  88 101 247 160  12 111  79 123  87  58  21 246 224 246 139  55 150 
116 113 156 140 247 112  77 196  87  71 104 232 240   6 158   5 182 228  33 124  45 202  35  62  33 143  42  72  98 110  16  26 231 230  59 240 208  10 214 101  45 
 24 249  55 186  70 136 131 174  93 221  85 176  64 102  27 216 184 224 112 140  69 202  93  60   8 179 214 248  24 173  80 120 235 202 212  89  12  34 176  74 117 
225 150 225  65 243 192  37 139  65 125 189 234 124  99  13 130  85  20 221  68 153 208  45 125 188  11 230  95  23  51  89 225 156 222 180  85 218 253 125  10 119 
247  97  80 227  41  73 139  55  81  17  37  20 248 160  27  15 103 158  75 107 161 246  16  81 193  55 212 154 139 231 238 236 101  88  38  95  80 140 102 246 144 
 18  67  15  90  99  44 185 253  32 106  76 192 240 163 231 178 127 132 193  61  23  70  74 153 241 115  67  61  71 100 170 228 198  17 179  51 116  52 124 137 204 
225 116 166  42  77  99   9  81  98 134 177  25 247 104 197 184 132   8 248  53 213 213 175 107  50  25 130  13 153 102 121  44 163  57 223  56 154 255 218  78 136 
127 107  64 210 113 113 243 118 106  43 128  19 130  74 247 221 115 216 204 235 106  43  40  76  27 158 102 172  86 253 148 180  24  71 178  12 114  62 216  67 163 
215  15  70  95 207  70 114  27  80 232  17 160 214  65 229  26 143 225  43 143 159 118  59   5  17 128 128  88  76 221  65 121  37 236 194 184   7  93 246 252  53 
127  50 148 117  30 218 119  32 225  31 234  44 103  58 135  21  19 210  80 102 246  31  53  24 223 132  48 201  46 220 142 152  23 133 209 221  31 190 160 171 137 
 43  81 138 177  69  87 179 161 238 143 124 229  69 131  36  60  96  69  67 141 108 122 228  26 243 110 184 191  29 124 203 188  19  30  45 133 169   5 130  83  70 
182  97 116 208  14  30 228 187 132 154 246 171  50  27 130   2  91  28 198 194 251  93  27 240  25  35 140   3 148 208 225  35   8 165 157 124 156 151 174 217 196 
240  62 120 221 156 210  62  50 171   4 130  41 103 149  97 116 144 143   8  35 234  59  59 127   3  83  28 193 224 103 221  56   2 164 187 249  40 124 142  73 237 
215 109 146 115  22  49  74 134 179  56  15  55 207 226 211 159 253 152  17   9 123 225  64  56 100 173 147 190  37 115 212 125 100 139  38  53 245  63 233 152  96 
